genomeID	04D2	04D3	09D1	09G1	11D2	11D3	11G2	12D3	12G2	12G3	12G4	16D2	16G1	18D2	18D3	18G2	18G3	24D2	24D3	24D4	24G1	24G4	25D2	25D4	26D2	26D4	33D2	35G1	35G3	40G3	41D3
Agreia.1	319	404	44	81	71	321	1543	304	65	2	23	33	213	875	341	49	10	102	19	22	38	31	1339	124	26	51	175	20	35	38	20
Agreia.2	209	294	13	16	13	98	872	167	11	0	6	10	169	785	193	14	3	49	6	1	31	4	498	37	7	7	129	11	15	5	5
Bacillus.1	0	0	0	1	0	0	0	0	0	0	0	0	10	99	36	1	0	0	0	0	0	0	1	9	0	207	0	0	0	0	0
Bacillus.2	0	0	0	0	0	0	0	0	0	0	0	0	9	24	8	0	0	0	0	1	1	0	0	1	0	70	0	0	0	0	0
Bacillus.3	0	3	1	1	0	0	0	0	0	0	0	0	2	41	13	0	0	0	0	0	0	0	1	4	1	0	0	0	0	0	0
Bacillus.4	0	1	0	0	0	0	1	0	0	0	0	0	1	25	13	2	0	0	0	0	0	0	2	2	0	1	0	0	0	0	0
Bacillus.5	0	0	0	0	0	0	0	0	0	0	0	0	1	3	0	0	0	0	0	0	0	0	0	0	0	18	0	0	0	0	0
Bacillus.6	0	0	0	0	0	0	0	0	0	0	0	0	0	8	1	0	0	0	0	0	0	0	1	0	0	10	0	0	0	0	0
Bacillus.7	1	2	0	0	0	0	0	0	0	0	0	0	1	8	3	0	0	0	1	0	0	0	0	2	0	0	0	0	0	0	0
Clavibacter.1	660	683	422	100	23	241	2547	684	88	13	25	35	1923	6487	1686	38	20	132	47	62	96	37	1421	158	37	60	737	62	64	11	38
Clavibacter.2	379	368	248	86	11	128	1073	318	71	1	15	38	1105	3511	833	17	14	70	29	38	69	44	826	118	33	28	476	34	45	5	16
Clavibacter.3	143	176	213	25	10	61	505	161	13	1	7	17	1690	3035	437	12	8	44	12	14	41	39	742	76	8	11	194	14	18	2	9
Clavibacter.4	97	93	108	10	1	32	237	91	9	2	4	5	886	1617	256	14	5	13	13	9	20	16	418	40	3	15	110	8	11	1	5
Clavibacter.5	227	188	230	32	7	102	625	217	36	5	11	20	849	2414	454	22	10	46	18	18	28	17	633	61	13	22	248	12	22	4	8
Clavibacter.6	172	163	162	41	6	63	988	148	39	7	5	15	601	1731	391	9	6	37	12	23	43	16	458	57	13	20	215	14	21	1	12
Clavibacter.7	174	196	169	23	7	64	901	205	33	1	12	14	625	1828	496	17	2	40	19	16	38	17	467	51	9	19	166	18	21	5	17
Curtobacterium.1	238	212	481	336	23	198	395	207	35	15	182	106	1241	1625	479	38	16	75	63	27	65	157	1844	276	47	47	749	34	731	15	32
Curtobacterium.10	22	15	3	8	1	6	24	17	10	0	7	4	35	121	42	0	2	4	2	2	5	1	43	4	0	4	53	2	15	0	2
Curtobacterium.100	80	68	5	6	2	30	82	85	12	1	8	4	223	668	195	4	2	18	9	3	23	4	104	17	8	9	190	10	27	0	5
Curtobacterium.101	18	28	4	1	1	7	36	41	0	1	2	3	79	223	54	1	1	8	2	0	2	2	125	4	1	3	34	10	9	0	3
Curtobacterium.102	7	3	34	14	1	9	10	12	2	0	1	18	125	60	10	5	1	2	2	1	0	5	100	11	2	1	18	1	19	0	0
Curtobacterium.103	2	8	27	7	1	2	17	13	2	0	2	24	229	62	12	0	1	2	1	1	0	7	164	7	1	1	13	2	3	0	1
Curtobacterium.104	0	0	0	0	0	0	0	0	0	0	0	2	2	0	0	0	0	0	0	0	0	0	2	0	0	0	0	0	0	0	0
Curtobacterium.105	11	19	2	0	0	4	16	15	1	0	1	9	824	86	19	3	0	1	9	4	7	7	128	6	1	10	34	0	9	0	7
Curtobacterium.106	17	22	3	2	1	11	40	34	1	0	1	3	509	298	54	2	0	4	0	0	3	3	22	4	0	3	60	7	2	1	3
Curtobacterium.107	0	3	1	0	0	0	0	0	0	0	0	0	7	1	0	0	0	0	0	0	0	0	6	1	0	0	0	0	0	0	0
Curtobacterium.108	6	2	24	13	3	13	9	7	5	0	22	8	72	42	14	2	2	7	5	2	3	7	107	17	4	2	44	1	87	1	0
Curtobacterium.109	4	3	24	2	2	5	11	5	1	0	12	9	101	31	13	2	0	1	0	3	1	5	86	1	0	1	15	1	25	1	0
Curtobacterium.11	0	0	0	0	0	0	0	0	0	0	0	0	0	0	0	0	0	0	0	0	0	0	1	0	0	0	0	0	0	0	0
Curtobacterium.110	53	80	30	26	4	45	219	80	14	1	17	16	1092	473	114	4	7	17	9	6	9	11	299	27	10	7	172	26	30	4	12
Curtobacterium.111	6	10	15	8	0	10	12	10	1	0	5	3	66	53	18	3	0	4	1	1	2	3	117	5	0	0	21	0	19	0	2
Curtobacterium.112	22	26	2	0	3	22	56	26	0	0	3	0	49	160	48	3	1	1	2	2	8	1	48	3	1	7	57	20	0	3	4
Curtobacterium.113	92	136	10	6	5	51	77	206	3	2	3	4	101	272	84	3	1	11	2	2	7	3	112	13	2	6	183	8	7	3	2
Curtobacterium.114	16	18	8	17	2	16	55	13	4	1	2	5	82	126	54	1	1	7	4	7	2	2	46	4	1	6	50	5	13	5	1
Curtobacterium.115	4	5	3	1	1	5	24	12	2	0	0	0	51	51	12	0	0	0	0	0	2	0	30	2	1	2	16	17	0	1	3
Curtobacterium.116	50	82	1	0	2	7	30	150	2	0	1	0	55	130	39	0	0	5	2	3	5	1	21	6	1	4	124	5	2	2	2
Curtobacterium.117	29	39	2	21	8	21	71	32	5	6	9	12	68	239	50	3	4	14	26	6	16	18	98	34	11	11	87	4	15	3	12
Curtobacterium.118	14	19	5	5	0	12	109	7	14	1	2	7	24	107	29	2	1	3	6	5	9	5	84	11	5	6	28	2	6	4	6
Curtobacterium.119	11	10	0	1	2	4	98	10	0	0	1	1	29	90	28	2	2	0	2	6	2	2	52	2	4	2	20	3	1	0	7
Curtobacterium.12	0	0	0	0	0	0	0	0	0	0	0	0	0	0	0	0	0	0	0	0	0	0	0	0	0	0	0	0	1	0	0
Curtobacterium.120	14	6	8	4	1	90	21	12	2	0	0	1	41	87	17	0	1	2	0	2	1	1	37	2	5	3	16	9	1	0	2
Curtobacterium.121	5	11	3	2	0	18	13	6	0	0	0	1	29	40	7	0	0	3	0	0	1	0	26	3	0	1	8	13	1	0	1
Curtobacterium.122	4	7	4	1	0	9	9	6	4	0	0	0	35	48	11	1	0	3	1	1	1	1	25	2	0	0	4	12	1	0	0
Curtobacterium.123	0	0	0	0	0	0	0	0	0	0	0	0	0	0	0	0	0	0	0	0	0	0	0	0	0	0	1	0	0	0	0
Curtobacterium.124	41	40	5	8	10	13	109	59	11	1	7	24	113	406	103	11	5	9	16	17	18	8	633	35	23	16	105	61	41	2	8
Curtobacterium.125	12	14	1	4	2	8	132	18	3	0	0	0	43	106	33	4	2	6	0	3	6	3	75	7	3	3	11	15	8	3	12
Curtobacterium.126	27	28	5	9	2	56	44	41	21	2	14	2	60	187	48	0	5	2	1	0	4	4	95	2	0	7	63	5	2	0	10
Curtobacterium.127	34	38	3	4	6	16	85	35	7	2	3	17	79	293	59	11	1	10	7	9	16	4	403	23	5	18	65	30	21	4	10
Curtobacterium.128	8	9	1	2	0	10	92	10	1	1	0	3	30	61	11	4	0	2	2	2	7	7	55	6	5	5	24	15	4	1	5
Curtobacterium.129	1	0	0	2	1	4	7	1	0	1	1	1	20	27	9	0	0	0	0	0	0	0	15	2	0	1	2	6	0	0	0
Curtobacterium.13	7	7	26	21	1	6	19	6	4	4	12	1	19	24	12	3	0	0	1	3	4	4	46	6	2	2	44	1	60	0	2
Curtobacterium.130	4	6	22	28	4	8	15	6	1	0	14	1	27	45	4	3	0	0	3	2	0	5	90	10	0	4	33	1	38	1	0
Curtobacterium.131	14	10	0	5	2	14	125	20	4	0	2	1	29	75	25	1	1	5	1	3	4	7	66	7	4	3	29	16	3	3	9
Curtobacterium.132	4	8	20	29	0	9	10	3	1	0	5	2	31	38	5	0	0	1	1	2	1	4	74	3	1	1	21	1	26	0	0
Curtobacterium.133	29	56	3	2	1	22	28	80	0	0	5	3	55	186	44	3	0	12	4	4	7	1	210	14	3	3	83	6	2	2	2
Curtobacterium.134	6	11	13	3	3	63	24	15	7	2	0	2	38	82	22	2	3	3	4	1	3	3	30	1	2	2	39	14	6	2	5
Curtobacterium.135	6	10	2	3	3	7	111	15	4	1	1	9	25	90	30	1	0	4	1	4	3	0	70	4	0	1	40	15	9	1	13
Curtobacterium.136	6	16	5	2	3	12	87	23	5	0	2	4	32	100	23	3	1	7	5	1	7	3	77	12	5	7	27	2	2	5	4
Curtobacterium.137	5	4	0	0	1	10	17	6	1	0	1	0	29	52	11	2	1	2	0	1	2	0	28	5	1	0	13	15	0	0	0
Curtobacterium.138	25	41	6	11	11	15	86	35	5	8	12	9	44	175	45	10	4	12	13	7	18	7	383	20	22	8	64	2	16	5	3
Curtobacterium.139	18	12	1	0	2	7	109	8	4	3	1	6	28	61	20	3	3	3	5	0	9	6	68	6	3	5	27	16	3	0	12
Curtobacterium.14	8	4	9	37	0	3	11	8	3	0	3	0	22	20	4	0	1	1	2	2	1	2	47	3	4	1	20	1	20	0	0
Curtobacterium.140	6	6	1	1	1	19	18	11	3	0	0	0	34	85	16	1	0	1	0	0	1	2	22	4	0	1	12	20	1	0	0
Curtobacterium.141	5	3	7	4	7	10	108	19	6	1	2	10	16	100	21	0	0	4	4	4	8	2	97	12	0	4	44	10	7	6	7
Curtobacterium.142	0	0	1	3	0	2	1	1	0	0	0	0	13	0	0	0	0	0	0	0	0	0	2	0	0	0	0	1	1	0	0
Curtobacterium.143	7	9	4	10	0	5	119	11	6	0	2	3	29	76	7	1	1	6	4	6	5	6	80	6	3	0	22	1	4	3	7
Curtobacterium.144	9	5	5	5	1	6	80	9	6	0	3	3	22	69	12	2	0	6	7	1	4	3	56	11	2	1	20	6	5	2	8
Curtobacterium.145	10	4	17	19	3	1	16	10	1	0	4	5	36	29	6	0	0	1	2	2	2	2	86	8	2	3	31	2	31	2	2
Curtobacterium.146	3	3	4	0	0	16	12	6	0	0	0	0	27	61	17	0	0	1	0	0	3	1	30	1	0	0	13	19	0	1	1
Curtobacterium.147	0	1	0	0	0	2	4	2	0	0	0	0	3	9	4	0	0	0	0	0	0	0	1	1	1	0	4	0	0	0	0
Curtobacterium.148	17	25	9	15	6	27	59	31	11	3	5	3	39	138	42	3	2	10	6	7	13	7	345	21	8	12	65	1	20	4	6
Curtobacterium.149	0	0	0	0	0	0	0	0	0	0	0	0	0	2	0	0	0	0	0	0	0	0	2	0	0	0	1	0	0	0	0
Curtobacterium.15	10	7	1	1	0	1	6	11	0	0	3	1	12	49	9	0	1	3	0	0	3	1	18	0	0	0	8	2	7	0	0
Curtobacterium.150	9	13	10	4	1	8	84	9	5	1	2	5	23	71	17	4	2	2	6	5	2	5	84	7	7	7	39	4	3	1	5
Curtobacterium.151	7	12	14	23	0	4	22	5	1	0	4	5	19	33	7	1	1	1	1	0	0	3	60	8	2	1	24	0	34	1	1
Curtobacterium.152	18	11	6	8	1	4	94	10	7	1	3	3	21	51	12	4	3	6	7	3	9	4	68	12	4	7	34	3	5	3	7
Curtobacterium.153	6	4	4	2	0	18	2	7	0	0	1	1	24	57	22	1	0	1	0	0	6	0	31	5	1	1	12	20	2	2	1
Curtobacterium.154	116	289	2	23	6	138	339	302	9	1	8	11	156	542	149	3	4	21	10	4	47	11	107	25	8	14	675	77	39	9	74
Curtobacterium.155	11	3	3	1	3	5	18	16	2	2	1	2	584	68	11	0	3	3	7	3	7	5	161	2	3	0	23	7	5	1	1
Curtobacterium.156	38	42	2	6	3	26	72	43	6	3	5	15	106	320	72	9	7	18	10	7	18	6	282	25	9	19	97	46	20	3	6
Curtobacterium.157	1	6	4	2	0	22	10	1	1	0	0	2	45	26	4	0	0	1	0	1	1	2	13	0	0	0	4	2	1	0	0
Curtobacterium.158	20	20	7	2	2	14	59	37	1	0	3	15	83	228	55	5	3	12	8	5	12	5	156	12	8	6	69	24	13	1	4
Curtobacterium.159	0	0	0	0	0	0	0	0	0	0	0	0	0	0	0	0	0	0	0	0	0	0	1	0	0	0	0	0	0	0	0
Curtobacterium.16	2	8	12	2	0	11	8	6	2	0	4	6	24	17	4	1	0	2	0	4	0	0	41	3	2	0	8	2	12	0	1
Curtobacterium.160	24	53	3	1	0	5	29	73	2	0	4	3	42	138	36	0	0	5	0	2	3	1	179	7	0	3	83	2	3	5	3
Curtobacterium.161	4	4	3	2	0	15	10	11	4	0	0	0	25	70	15	0	0	2	0	0	1	2	24	4	1	0	13	19	1	0	2
Curtobacterium.162	17	26	2	4	0	9	21	27	3	1	1	0	82	163	52	0	0	5	2	0	6	4	15	3	0	19	67	3	1	1	2
Curtobacterium.163	13	18	4	5	2	8	31	23	1	1	0	2	54	111	26	2	2	11	6	0	8	0	16	6	0	7	59	3	4	1	2
Curtobacterium.164	4	3	2	0	0	11	6	6	3	0	0	0	23	29	12	1	1	1	0	0	2	0	14	4	0	2	10	11	3	0	0
Curtobacterium.165	9	6	2	0	0	11	10	3	1	0	0	0	18	32	11	1	0	0	0	0	1	0	13	3	1	1	10	11	0	0	2
Curtobacterium.166	28	19	6	5	2	80	53	33	19	3	17	3	51	161	41	1	0	7	2	0	5	5	123	6	2	2	58	12	3	0	13
Curtobacterium.167	17	12	6	5	3	9	109	21	8	5	0	9	36	124	34	4	2	2	8	6	17	6	97	16	3	13	44	7	6	6	10
Curtobacterium.168	5	17	6	4	2	66	20	8	7	1	0	1	44	98	31	2	0	1	2	0	3	1	48	5	0	3	8	18	2	1	1
Curtobacterium.169	0	0	0	0	0	0	0	0	0	0	0	0	0	0	0	0	0	0	0	0	0	0	0	0	0	0	1	0	0	0	0
Curtobacterium.17	3	3	9	8	1	5	4	4	1	0	5	2	10	16	5	0	0	1	1	0	1	4	28	3	0	2	16	0	13	0	1
Curtobacterium.170	0	0	0	0	0	0	0	0	0	0	0	0	0	0	0	0	0	0	0	0	0	0	0	0	0	0	0	0	0	0	0
Curtobacterium.171	0	4	0	0	0	0	0	4	0	0	0	0	0	2	0	0	0	0	0	0	0	0	0	0	1	0	1	0	0	0	0
Curtobacterium.172	1	3	1	1	0	19	2	6	0	0	0	1	27	31	10	0	0	1	1	0	0	0	15	2	0	1	11	10	1	0	0
Curtobacterium.173	4	8	7	3	0	56	15	9	5	0	0	0	31	76	21	0	0	2	2	0	0	0	30	5	1	2	22	7	2	0	0
Curtobacterium.174	97	114	8	2	2	46	143	163	12	0	3	7	339	1066	275	18	10	32	12	8	22	9	118	19	2	11	367	1466	84	5	7
Curtobacterium.175	3	5	3	4	0	32	9	8	0	0	0	0	15	28	8	0	1	0	0	0	0	0	18	2	0	3	8	4	1	0	0
Curtobacterium.176	0	0	0	0	0	0	6	0	2	0	0	0	3	6	2	0	0	0	0	1	0	0	4	0	0	0	0	0	0	0	1
Curtobacterium.177	10	45	2	1	0	5	20	58	1	0	3	1	31	83	27	2	0	5	1	1	5	1	150	7	2	3	70	4	1	0	3
Curtobacterium.178	723	109	3	9	2	25	152	115	2	1	5	2	79	209	65	3	6	5	2	0	8	7	31	9	3	1	624	18	5	2	17
Curtobacterium.179	16	15	1	5	1	9	125	11	0	1	1	2	17	82	24	3	1	2	3	4	6	4	75	2	1	1	26	11	5	0	10
Curtobacterium.18	13	8	77	11	2	12	13	8	3	1	1	6	81	71	32	0	1	2	1	1	1	2	189	5	3	4	28	2	18	1	10
Curtobacterium.180	12	10	2	2	3	7	30	16	4	0	2	4	731	105	23	4	0	5	6	4	7	2	121	5	7	6	24	3	6	2	2
Curtobacterium.181	20	12	2	2	4	8	23	18	0	0	0	1	39	101	33	3	2	8	2	1	3	0	20	9	2	1	41	1	4	0	3
Curtobacterium.182	42	42	2	1	0	19	53	52	1	1	1	2	108	294	80	0	1	11	4	3	6	5	59	9	1	4	88	5	5	1	4
Curtobacterium.183	20	20	1	5	6	12	61	16	9	9	7	4	38	154	26	4	0	7	7	5	11	12	273	14	15	14	63	1	9	4	2
Curtobacterium.184	34	32	0	3	2	14	1468	37	13	2	1	4	125	206	64	3	2	9	5	1	10	5	50	9	1	3	64	7	4	1	12
Curtobacterium.185	20	28	3	3	0	13	32	24	2	0	1	0	37	126	27	1	0	4	2	1	4	3	43	3	2	1	46	12	6	0	6
Curtobacterium.186	14	18	11	8	3	8	140	24	5	2	4	2	35	121	32	7	2	6	7	5	10	5	130	13	7	19	46	8	8	1	9
Curtobacterium.187	10	9	5	3	5	6	94	9	9	0	3	9	24	63	20	5	1	2	7	3	7	2	66	6	5	7	48	3	8	2	8
Curtobacterium.188	5	5	127	12	1	9	11	12	0	0	2	3	131	35	14	1	0	3	2	2	2	1	259	7	0	0	19	1	12	1	8
Curtobacterium.189	10	11	12	6	3	10	108	8	7	4	1	4	37	80	29	2	0	3	3	6	9	6	78	18	8	8	35	12	9	4	11
Curtobacterium.19	2	5	21	2	0	7	7	1	0	0	5	5	341	28	11	0	0	2	0	0	0	2	50	5	1	1	14	2	9	0	0
Curtobacterium.190	15	26	6	8	3	19	50	20	6	0	6	7	36	118	47	5	0	2	7	7	25	10	303	8	10	12	44	3	15	5	2
Curtobacterium.191	43	40	3	5	3	7	18	86	1	0	0	3	41	160	38	1	2	3	1	0	4	0	34	17	1	8	57	3	1	1	7
Curtobacterium.192	85	94	0	5	1	18	29	96	0	0	0	1	43	118	44	2	0	6	5	1	4	1	28	6	1	6	173	0	2	1	3
Curtobacterium.193	18	22	1	4	3	9	31	32	4	1	3	2	63	108	34	5	1	5	3	6	7	7	85	9	7	0	44	1	8	1	5
Curtobacterium.194	1	2	3	1	0	0	4	3	2	0	3	0	10	5	3	0	0	0	0	0	1	1	28	2	1	2	12	0	0	0	1
Curtobacterium.195	16	16	1	2	2	6	890	16	4	0	1	4	51	129	29	1	0	7	0	1	3	1	23	4	1	2	47	1	3	0	1
Curtobacterium.196	25	19	7	5	2	13	48	25	12	0	1	2	47	150	38	3	0	4	1	3	7	1	96	12	1	2	73	1	10	2	8
Curtobacterium.197	0	0	0	0	0	0	0	0	0	0	0	0	0	0	0	0	0	0	0	0	0	0	0	0	0	0	0	0	0	0	0
Curtobacterium.198	0	2	0	0	0	0	0	2	0	0	0	0	1	1	0	1	0	0	0	0	0	0	1	0	0	0	0	0	0	0	0
Curtobacterium.199	3	3	6	6	0	7	15	6	5	0	1	4	9	53	15	3	0	3	1	1	1	0	17	2	0	1	23	2	9	0	1
Curtobacterium.2	17	17	97	34	3	59	25	15	5	2	30	36	239	121	30	5	0	9	6	4	4	13	273	25	5	8	72	4	65	0	0
Curtobacterium.20	30	43	5	3	1	21	59	43	2	0	1	6	1972	414	80	6	4	16	4	3	8	14	62	6	1	4	83	8	7	2	4
Curtobacterium.200	21	30	1	1	1	5	959	10	3	1	1	10	49	101	36	2	1	5	2	4	6	2	52	8	2	1	52	2	1	0	4
Curtobacterium.201	38	184	1	3	2	21	38	171	1	0	6	0	71	176	40	1	0	3	4	1	0	0	30	3	1	4	88	4	4	2	4
Curtobacterium.202	25	54	3	3	0	9	18	76	0	1	2	2	32	113	41	3	0	2	0	3	0	2	200	6	2	2	65	2	3	1	0
Curtobacterium.203	19	39	3	2	2	10	36	92	0	0	3	1	44	136	35	1	1	6	1	1	5	2	220	11	1	1	87	5	1	1	4
Curtobacterium.204	30	141	3	0	0	18	31	160	1	0	0	5	64	187	55	1	2	2	0	0	3	1	35	8	0	7	63	9	4	1	0
Curtobacterium.205	22	19	4	11	2	35	40	35	12	0	4	7	47	111	30	0	2	4	3	4	7	5	1677	27	4	14	41	27	7	1	20
Curtobacterium.206	22	23	3	3	1	22	49	20	11	2	5	3	42	103	30	3	1	3	5	2	6	3	1394	18	6	4	41	22	3	0	13
Curtobacterium.207	0	2	0	1	0	0	1	1	0	0	0	0	0	1	0	0	0	0	0	0	1	0	11	0	0	0	0	0	0	0	2
Curtobacterium.208	140	123	0	2	2	116	27	54	0	1	2	0	35	171	52	3	0	6	1	3	2	1	302	10	2	3	59	56	1	3	6
Curtobacterium.209	4	12	34	17	3	17	14	5	2	1	8	6	72	44	6	2	1	2	7	0	1	4	112	9	0	1	16	4	17	1	3
Curtobacterium.21	31	37	5	2	1	21	40	50	1	1	2	4	280	556	70	5	1	7	3	0	7	3	39	2	2	0	72	9	0	0	3
Curtobacterium.210	6	6	22	20	3	5	13	9	1	1	20	4	27	34	9	0	2	5	6	2	2	6	71	9	4	2	53	0	56	1	2
Curtobacterium.211	0	0	0	0	0	0	0	0	0	0	0	0	0	1	1	0	0	0	0	0	0	0	2	0	0	0	1	0	0	0	0
Curtobacterium.212	20	14	4	8	1	21	61	31	13	1	7	4	51	186	38	3	0	5	1	0	12	4	397	24	7	14	35	29	7	6	14
Curtobacterium.213	0	0	0	0	0	0	0	0	0	0	0	0	0	0	0	0	0	0	0	0	0	0	0	0	0	0	0	0	0	0	0
Curtobacterium.214	75	844	6	8	5	320	49	150	4	0	6	1	79	301	83	1	3	6	20	1	8	3	69	14	1	5	96	48	4	3	10
Curtobacterium.215	21	21	1	3	0	11	46	40	0	0	0	3	39	133	40	1	3	4	1	1	3	0	30	9	0	2	39	52	2	0	2
Curtobacterium.216	18	24	6	10	0	21	42	25	9	0	7	2	37	154	37	5	0	3	3	5	6	1	341	19	10	8	57	34	7	7	12
Curtobacterium.217	36	31	2	4	1	43	31	91	4	0	0	0	26	121	38	1	0	3	4	0	4	1	58	2	0	0	54	25	1	3	0
Curtobacterium.218	8	10	102	33	1	10	13	8	1	1	0	3	122	33	5	0	0	2	2	0	0	2	187	5	0	6	13	4	52	1	5
Curtobacterium.219	0	0	0	0	0	0	0	0	0	0	0	0	0	0	0	0	0	0	0	0	0	0	0	0	0	0	0	0	0	0	0
Curtobacterium.22	254	67	3	19	1	17	293	70	4	1	2	1	84	279	100	3	3	13	4	8	7	4	52	15	1	2	442	14	4	2	15
Curtobacterium.220	12	30	3	3	0	8	28	15	4	0	2	1	46	139	48	1	0	2	1	0	1	2	44	3	0	1	41	18	16	0	3
Curtobacterium.221	0	0	1	1	0	0	0	0	0	1	0	0	2	0	0	0	0	0	0	0	0	0	2	0	0	0	0	0	0	0	0
Curtobacterium.222	16	20	17	6	0	14	12	9	1	0	5	2	57	23	17	2	1	0	5	0	0	4	104	4	0	1	54	9	8	0	2
Curtobacterium.223	1	1	2	2	0	0	3	1	0	0	2	0	13	1	0	0	0	0	0	0	0	0	11	2	0	0	2	0	3	0	0
Curtobacterium.224	28	45	84	5	6	153	91	51	12	1	2	6	87	307	91	8	2	12	1	3	33	5	1196	24	6	10	89	58	11	0	8
Curtobacterium.225	96	73	3	2	0	72	30	49	1	1	0	1	46	148	36	2	2	6	0	2	2	1	263	12	0	1	38	13	3	0	3
Curtobacterium.226	0	0	0	0	0	1	0	0	0	0	0	0	0	0	0	0	0	0	0	0	0	0	1	0	0	0	0	0	0	0	0
Curtobacterium.227	14	29	13	15	3	11	48	20	1	1	1	5	68	131	35	2	0	12	8	1	9	1	41	7	3	2	37	8	6	1	1
Curtobacterium.228	10	9	1	2	4	4	20	6	2	2	1	7	416	87	23	1	0	3	3	0	8	0	136	7	3	3	18	5	6	0	1
Curtobacterium.229	22	37	1	2	0	45	31	109	4	0	2	1	34	118	24	0	0	0	1	1	5	2	45	5	5	1	43	14	2	1	0
Curtobacterium.23	64	76	8	2	4	29	96	60	4	1	1	4	202	634	156	10	7	23	8	4	6	1	87	7	2	6	157	9	9	2	2
Curtobacterium.230	9	14	6	7	5	12	58	16	15	1	2	3	37	128	41	4	0	3	0	1	7	2	346	17	9	8	35	13	4	3	9
Curtobacterium.231	9	16	8	1	2	15	38	15	0	0	0	3	70	123	33	0	1	5	0	3	5	2	56	11	0	0	53	24	16	1	2
Curtobacterium.232	11	12	7	0	0	10	43	18	2	1	3	1	79	202	45	3	4	2	1	0	6	0	24	5	1	1	24	5	1	0	3
Curtobacterium.233	11	25	5	19	13	22	64	25	4	6	2	4	58	188	34	4	3	9	8	8	11	2	351	21	19	11	43	6	26	1	8
Curtobacterium.234	18	19	3	4	2	14	50	25	7	0	5	3	33	143	32	2	0	4	4	0	4	3	451	15	4	1	49	12	6	0	26
Curtobacterium.235	18	16	1	4	0	2	40	20	0	0	0	1	56	122	23	3	1	7	0	0	5	3	16	4	2	0	47	2	2	2	0
Curtobacterium.236	4	3	0	1	1	4	20	10	0	0	0	0	29	58	28	1	0	1	0	0	1	0	6	1	0	0	23	1	1	2	1
Curtobacterium.237	3	1	0	1	0	0	9	7	0	0	0	0	10	32	9	0	0	0	1	1	0	0	5	0	0	0	4	0	0	0	0
Curtobacterium.238	37	16	3	0	0	6	51	21	0	0	1	5	67	199	48	2	4	3	3	1	1	1	25	7	1	7	44	1	2	2	0
Curtobacterium.239	0	1	0	0	0	0	0	0	0	0	0	0	1	0	0	0	0	0	0	0	0	0	0	0	0	0	0	1	0	0	0
Curtobacterium.24	17	11	2	2	1	8	16	25	0	0	0	5	149	254	49	3	0	1	3	2	5	2	14	4	0	3	47	5	1	0	1
Curtobacterium.240	34	32	6	1	0	11	200	51	3	0	2	1	65	293	77	4	1	16	2	1	7	1	44	8	0	2	86	5	3	2	10
Curtobacterium.241	34	24	7	1	2	16	101	37	0	0	0	0	60	209	55	3	1	6	2	3	4	0	48	6	0	5	65	2	5	0	0
Curtobacterium.242	2	3	0	0	0	0	5	1	0	0	0	0	3	16	9	0	0	0	1	0	0	0	5	0	0	0	1	0	0	0	0
Curtobacterium.243	27	13	0	0	0	8	56	28	0	0	0	0	48	143	43	0	1	4	1	0	5	0	25	3	0	0	46	4	1	0	3
Curtobacterium.244	11	17	0	4	5	11	156	17	3	3	1	1	31	94	36	2	5	1	2	7	9	8	79	6	6	2	21	14	6	3	18
Curtobacterium.245	3	3	18	14	2	3	44	8	2	1	7	0	21	16	5	0	0	2	2	1	1	3	45	7	0	3	35	0	59	1	0
Curtobacterium.246	5	4	26	17	3	6	14	2	5	0	47	2	38	40	11	3	7	6	2	1	2	19	69	13	6	1	82	0	158	0	2
Curtobacterium.247	21	17	3	1	0	3	1197	17	5	0	1	9	57	121	40	2	1	4	1	0	6	2	16	8	1	3	73	1	2	4	3
Curtobacterium.248	2	7	18	16	2	9	22	1	1	2	9	6	36	41	12	0	1	1	2	0	0	2	65	12	1	2	16	0	13	0	0
Curtobacterium.249	0	0	0	0	0	0	0	0	0	0	0	0	0	0	0	0	0	0	0	0	0	0	0	0	0	0	0	0	0	0	0
Curtobacterium.25	0	1	0	0	0	1	1	0	0	0	0	0	5	4	0	0	0	0	0	0	0	0	0	0	0	0	0	0	1	0	0
Curtobacterium.250	12	31	8	13	12	16	47	28	8	6	5	7	49	152	41	7	2	8	12	9	25	7	322	13	16	15	66	1	13	10	2
Curtobacterium.251	6	8	12	18	0	4	23	13	1	1	4	5	37	48	20	1	0	4	2	1	3	4	83	1	2	0	34	1	15	0	1
Curtobacterium.252	16	14	1	12	2	12	40	16	3	1	2	4	49	132	40	1	0	15	3	1	3	1	24	6	1	1	38	3	5	1	2
Curtobacterium.253	20	38	1	3	2	13	51	31	1	0	3	2	79	191	55	2	0	5	1	2	5	2	50	8	2	9	81	22	1	1	9
Curtobacterium.254	20	24	2	0	0	9	22	32	1	0	0	2	94	177	43	1	1	3	1	0	3	0	28	8	0	1	73	7	1	0	0
Curtobacterium.255	19	17	0	0	0	12	24	36	1	0	0	3	122	215	58	2	0	6	0	1	3	2	23	4	2	2	84	5	4	0	4
Curtobacterium.256	33	29	2	0	1	10	32	41	2	0	0	2	897	219	65	0	0	17	1	2	6	5	27	1	0	0	72	4	2	0	3
Curtobacterium.257	16	19	1	0	0	7	26	14	1	1	1	10	676	149	26	0	0	2	0	2	0	3	16	2	1	0	48	5	2	1	2
Curtobacterium.258	4	12	11	1	1	2	9	8	1	0	1	23	236	54	12	1	0	1	1	0	0	7	131	8	0	1	9	0	5	1	1
Curtobacterium.259	21	24	8	1	1	8	24	45	2	0	0	0	99	219	58	0	1	8	1	0	3	4	19	2	0	0	80	5	5	1	1
Curtobacterium.26	27	47	5	0	0	5	63	45	1	0	0	1	54	275	69	2	4	4	4	2	9	2	62	10	4	1	62	14	4	1	5
Curtobacterium.260	0	0	0	0	0	0	0	0	0	0	0	0	3	0	0	0	0	0	0	0	0	0	0	0	0	0	0	0	0	0	0
Curtobacterium.261	34	45	5	2	0	8	26	34	1	0	0	2	138	248	63	2	1	8	3	2	4	2	31	3	0	0	93	8	5	0	3
Curtobacterium.262	14	9	1	3	1	4	38	11	9	1	2	29	6213	134	39	3	1	10	9	10	5	21	64	4	3	69	38	5	8	0	3
Curtobacterium.263	0	0	0	0	0	0	0	0	0	0	0	0	0	2	0	0	0	0	0	0	0	0	1	0	0	0	0	0	0	0	0
Curtobacterium.264	27	25	4	2	2	10	33	33	3	0	2	8	1423	217	69	5	0	5	5	3	4	4	44	7	2	1	59	8	6	0	4
Curtobacterium.265	41	47	9	2	1	18	50	43	2	0	0	0	187	390	83	1	3	10	5	1	6	3	35	11	1	3	155	12	4	1	3
Curtobacterium.266	10	20	2	0	0	7	29	24	0	1	0	1	69	138	46	0	1	4	1	1	10	0	10	2	0	1	54	10	1	0	6
Curtobacterium.267	25	31	1	2	1	9	12	36	0	1	0	6	108	220	43	0	0	4	1	1	2	1	26	2	1	1	71	10	5	0	5
Curtobacterium.268	11	25	2	2	0	9	31	22	0	0	0	12	794	185	37	0	0	3	0	0	1	10	31	2	3	2	48	3	0	2	0
Curtobacterium.269	6	3	6	8	3	2	14	2	1	1	7	3	30	24	19	0	3	1	1	0	1	1	53	3	0	0	24	0	16	0	0
Curtobacterium.27	6	8	26	6	1	13	6	8	0	1	6	3	36	24	8	2	0	3	2	0	2	1	56	5	0	3	34	1	15	0	2
Curtobacterium.270	17	16	2	10	1	6	35	20	0	1	2	3	81	107	34	4	3	7	5	1	6	1	20	6	0	3	30	3	1	0	2
Curtobacterium.271	4	9	16	9	0	5	10	2	2	0	10	4	57	19	5	3	0	0	4	4	3	7	80	10	0	0	12	0	15	0	3
Curtobacterium.272	30	37	9	1	0	22	42	32	1	0	0	3	94	235	50	5	0	11	3	4	6	1	51	7	1	4	67	5	2	1	2
Curtobacterium.273	9	6	111	10	3	9	5	5	1	0	3	1	97	29	11	1	2	1	1	3	1	0	149	5	1	1	17	2	10	1	6
Curtobacterium.274	1	3	18	11	2	2	9	3	0	0	4	0	18	19	6	0	0	0	3	0	0	3	43	8	0	3	33	0	31	0	1
Curtobacterium.275	5	5	19	16	2	8	14	6	1	1	9	3	29	46	2	3	0	2	1	3	2	1	63	11	0	1	36	0	27	2	5
Curtobacterium.276	3	1	19	11	0	7	6	1	1	1	4	4	64	21	2	2	0	0	2	2	3	3	96	3	1	1	13	2	13	1	0
Curtobacterium.277	2	1	1	2	0	1	1	3	1	2	4	4	9	7	1	0	0	0	0	0	0	2	9	5	0	1	2	0	9	0	0
Curtobacterium.278	5	2	14	19	2	12	13	3	3	0	10	3	19	49	19	1	0	0	0	0	2	4	51	6	4	2	29	1	38	2	0
Curtobacterium.279	0	0	0	1	0	0	0	0	0	0	0	0	0	0	0	0	0	0	0	0	0	0	0	1	0	0	0	0	0	0	0
Curtobacterium.28	33	54	0	4	0	34	33	95	2	1	2	1	49	154	39	1	5	7	1	2	5	2	67	3	3	0	69	19	2	1	2
Curtobacterium.280	5	4	14	20	1	4	9	0	2	1	7	0	19	26	13	1	0	0	3	4	1	6	62	5	1	3	22	0	27	0	0
Curtobacterium.281	6	2	15	15	0	2	14	9	3	0	14	1	20	17	1	2	0	0	1	1	5	6	36	8	1	2	33	1	51	1	2
Curtobacterium.282	3	2	17	10	2	5	14	10	0	2	8	5	28	18	8	1	0	1	0	0	2	0	62	5	3	2	21	1	31	1	0
Curtobacterium.283	5	2	14	24	4	7	9	7	6	0	15	2	41	34	13	1	0	4	2	1	4	7	53	14	2	7	42	0	51	2	1
Curtobacterium.284	9	3	23	24	4	6	17	4	12	5	136	5	15	17	7	2	3	12	15	4	4	47	55	66	17	6	272	1	580	0	1
Curtobacterium.285	0	0	0	0	0	0	0	0	0	0	0	0	0	0	0	0	0	0	0	0	0	0	0	0	0	0	0	0	0	0	0
Curtobacterium.286	49	57	2	3	0	13	67	42	0	0	1	4	83	304	76	5	0	9	2	1	4	1	47	14	4	6	302	1	5	0	0
Curtobacterium.287	16	21	2	2	0	9	18	70	0	0	0	1	42	130	25	0	0	3	0	3	1	2	41	4	0	4	55	3	0	0	13
Curtobacterium.288	13	13	0	0	4	4	18	10	0	0	1	8	475	110	22	2	0	5	5	1	2	4	16	7	0	1	36	0	2	0	0
Curtobacterium.289	0	0	0	0	0	0	0	1	0	0	0	0	4	0	0	0	0	0	0	0	0	0	0	0	0	0	0	0	0	0	0
Curtobacterium.29	19	40	3	1	0	30	17	60	5	0	1	1	33	108	27	3	0	0	1	1	0	2	29	4	1	1	20	7	0	1	1
Curtobacterium.290	25	20	8	6	0	8	17	14	2	0	0	17	212	100	35	2	1	6	1	1	1	4	98	3	0	3	51	2	2	0	1
Curtobacterium.291	31	32	0	0	1	15	37	31	2	1	1	2	603	281	55	0	0	13	2	1	8	0	42	5	0	4	55	6	5	3	4
Curtobacterium.292	0	0	0	0	0	1	1	0	0	0	0	0	1	0	0	0	0	0	0	0	0	0	1	0	0	0	0	0	2	0	0
Curtobacterium.293	14	11	13	8	2	4	15	6	1	0	2	4	57	66	22	2	1	2	1	2	0	1	123	4	1	2	26	2	17	0	1
Curtobacterium.294	6	5	12	7	0	10	31	5	0	1	5	3	33	43	13	1	0	3	3	1	9	3	142	8	0	1	37	1	32	0	2
Curtobacterium.295	55	47	5	2	2	21	69	43	1	0	0	2	141	420	114	6	3	13	2	2	5	0	50	9	2	1	112	8	1	1	2
Curtobacterium.296	45	46	1	0	0	13	53	43	2	0	1	2	148	427	116	4	0	16	2	2	8	0	52	9	1	5	90	9	3	0	4
Curtobacterium.297	19	24	3	4	1	8	17	33	0	0	1	2	64	138	48	2	0	4	3	0	2	2	26	15	1	1	64	5	0	0	6
Curtobacterium.298	29	42	1	4	2	12	34	34	1	0	0	2	77	209	53	4	1	8	1	2	6	0	35	6	0	2	113	5	6	1	4
Curtobacterium.299	9	5	11	2	1	14	24	17	4	0	6	6	40	33	8	0	1	3	5	0	4	3	83	10	0	1	28	2	16	0	1
Curtobacterium.3	14	8	41	40	7	14	24	12	7	0	25	9	64	93	28	3	2	4	4	3	8	12	128	25	3	6	86	5	124	0	4
Curtobacterium.30	5	2	17	13	1	7	14	4	3	0	9	1	23	24	2	0	2	5	2	2	2	6	45	4	2	2	24	0	40	0	0
Curtobacterium.300	46	48	2	7	0	18	66	50	5	0	0	2	133	423	111	5	2	13	3	0	5	0	49	12	4	10	149	8	3	1	4
Curtobacterium.301	19	32	4	0	1	11	42	25	1	0	2	0	59	219	57	0	0	5	2	1	1	2	30	4	0	4	68	5	0	0	4
Curtobacterium.302	23	21	1	0	2	8	28	32	0	1	0	0	68	156	39	2	0	3	1	0	4	2	28	2	0	1	83	11	1	0	2
Curtobacterium.303	51	39	4	5	0	13	37	43	1	0	5	0	84	312	87	0	1	7	7	0	8	1	48	10	1	5	93	8	4	1	1
Curtobacterium.304	45	57	22	10	3	28	88	83	7	0	6	8	167	320	82	4	4	21	6	4	11	12	148	16	2	2	133	14	24	1	9
Curtobacterium.305	25	38	7	3	0	21	58	49	2	4	1	1	177	428	105	1	0	10	1	2	10	3	91	15	2	8	103	9	7	2	9
Curtobacterium.306	21	27	3	1	2	4	30	37	0	0	1	1	74	187	46	3	0	3	0	1	1	1	34	2	0	3	87	1	2	1	1
Curtobacterium.307	9	23	0	0	1	8	18	14	0	0	0	0	29	107	23	2	1	4	0	0	2	1	20	9	2	5	45	1	1	1	0
Curtobacterium.308	18	18	1	1	2	9	26	15	1	0	1	0	46	119	34	0	1	1	0	1	2	1	30	1	0	2	50	2	2	1	2
Curtobacterium.309	31	40	9	2	1	15	45	34	2	0	0	1	58	207	61	2	1	9	1	5	2	0	53	7	0	3	76	4	2	0	0
Curtobacterium.31	4	2	7	3	2	3	1	1	0	0	1	2	19	17	7	0	0	1	0	0	0	0	24	3	1	0	8	0	7	0	0
Curtobacterium.310	23	27	1	0	0	8	28	19	0	0	1	1	57	182	36	1	0	5	1	1	1	0	28	4	0	3	54	3	1	1	3
Curtobacterium.311	50	42	6	4	1	24	55	41	1	0	2	0	91	311	101	3	2	9	4	2	10	2	45	6	4	7	101	4	1	2	5
Curtobacterium.312	73	72	12	2	5	30	78	73	1	0	2	4	184	628	165	7	2	6	4	5	11	4	75	16	6	3	133	10	5	0	3
Curtobacterium.313	7	10	19	15	3	9	11	4	0	0	7	1	47	48	16	2	2	3	2	3	1	3	79	9	1	2	26	1	33	1	0
Curtobacterium.314	4	2	13	9	1	6	11	8	1	2	5	6	29	24	7	1	3	3	0	1	1	2	52	5	2	3	29	1	15	0	1
Curtobacterium.315	8	2	112	13	1	12	9	5	7	0	1	2	126	32	10	1	0	4	4	1	3	1	161	3	1	1	16	3	12	1	5
Curtobacterium.316	20	22	2	4	0	9	45	16	1	0	1	1	50	142	42	0	2	4	2	2	1	0	25	6	0	3	66	8	3	0	2
Curtobacterium.317	0	0	0	0	0	0	0	0	0	0	0	0	0	0	0	0	0	0	0	0	0	0	0	0	0	0	0	0	0	0	0
Curtobacterium.318	6	9	7	3	0	2	9	2	4	0	2	0	31	43	16	1	0	0	0	2	1	1	13	3	0	0	17	0	14	0	1
Curtobacterium.319	7	11	16	16	0	5	16	4	3	1	10	2	34	33	9	2	0	4	5	2	5	3	102	4	1	1	17	1	7	1	2
Curtobacterium.32	46	38	3	3	0	9	145	48	1	0	1	2	110	296	86	3	2	6	2	2	4	1	45	10	2	1	76	12	4	5	1
Curtobacterium.320	1	3	3	1	0	2	5	3	7	0	2	3	12	26	5	0	0	0	0	0	0	1	16	2	0	1	8	1	10	0	0
Curtobacterium.321	10	7	2	5	1	0	6	4	1	0	6	1	16	29	13	1	1	1	1	1	0	0	31	2	2	0	18	1	7	0	0
Curtobacterium.322	12	10	7	7	1	76	13	10	8	0	0	0	30	74	24	2	0	2	4	1	1	1	30	4	1	0	17	15	2	0	0
Curtobacterium.323	34	37	4	5	2	18	49	44	5	1	0	1	94	335	82	2	0	7	1	1	6	1	46	6	1	5	99	8	1	2	1
Curtobacterium.324	27	18	4	2	0	10	32	37	5	1	1	1	66	259	39	0	1	6	5	0	2	0	38	9	0	6	71	6	1	0	2
Curtobacterium.325	15	15	48	13	1	4	13	12	0	1	1	1	78	55	16	1	0	3	5	5	3	0	233	11	1	2	19	1	7	2	5
Curtobacterium.326	8	8	3	4	0	3	13	11	5	0	1	1	21	61	15	2	1	3	1	0	1	1	15	0	0	1	22	0	7	0	1
Curtobacterium.327	60	47	6	2	1	17	93	37	4	0	2	3	65	269	100	3	1	13	0	1	7	2	42	10	1	7	378	4	5	0	5
Curtobacterium.328	124	315	12	13	2	83	213	241	2	1	6	3	190	698	199	9	3	29	14	8	22	6	116	30	5	6	1107	33	11	3	372
Curtobacterium.329	26	43	0	2	0	12	44	39	0	2	3	2	92	254	62	2	0	7	4	0	2	0	49	9	0	3	80	7	2	1	1
Curtobacterium.33	48	218	2	8	4	78	63	88	2	0	2	1	108	246	66	3	0	7	3	2	8	3	75	7	0	1	124	20	3	4	6
Curtobacterium.330	47	63	1	1	1	24	76	61	1	0	2	3	154	464	112	3	4	7	4	2	6	2	52	10	2	4	131	12	2	2	1
Curtobacterium.331	64	47	4	8	4	21	83	61	3	4	5	4	168	455	136	0	3	14	5	0	4	3	87	13	1	5	113	6	5	2	6
Curtobacterium.332	31	40	3	10	2	16	57	51	0	0	3	1	97	278	81	1	0	10	2	1	3	5	49	6	3	3	73	4	7	0	4
Curtobacterium.333	38	29	0	4	1	18	49	34	2	0	0	5	81	232	59	2	0	8	2	1	5	0	45	10	1	2	91	5	0	0	4
Curtobacterium.334	3	4	101	10	2	9	8	5	0	1	0	3	116	42	13	0	1	3	4	1	1	3	168	4	2	0	16	2	8	1	9
Curtobacterium.335	8	21	10	6	0	10	17	18	6	0	8	2	32	68	25	0	0	5	2	2	4	1	63	6	2	0	51	2	5	1	0
Curtobacterium.336	19	13	7	8	1	7	47	26	5	2	5	5	45	146	36	2	1	2	6	9	14	1	122	19	4	5	75	6	5	1	8
Curtobacterium.337	12	20	0	1	1	5	32	22	0	0	3	3	44	206	56	1	0	2	0	0	5	0	20	7	0	1	50	2	2	0	0
Curtobacterium.338	28	22	4	2	0	7	31	35	0	0	0	1	75	211	65	1	3	3	0	0	12	2	50	6	1	3	56	3	4	0	4
Curtobacterium.339	33	39	4	1	0	16	38	43	2	0	2	2	88	253	50	4	2	10	1	0	7	5	52	8	0	4	81	3	6	0	1
Curtobacterium.34	18	45	2	14	0	34	30	69	2	1	3	3	87	173	41	1	1	2	4	0	3	6	71	8	1	4	61	4	3	2	1
Curtobacterium.340	22	16	3	1	0	5	19	38	2	0	0	0	67	135	41	1	1	6	3	2	2	1	28	1	0	0	41	4	2	1	1
Curtobacterium.341	13	18	13	11	2	14	25	16	1	1	3	8	66	124	33	4	0	10	2	2	2	3	122	2	0	0	53	1	9	0	3
Curtobacterium.342	48	48	5	1	1	20	72	51	1	0	3	0	115	368	98	5	0	6	4	0	13	1	38	11	1	0	132	6	1	2	5
Curtobacterium.343	1	1	0	0	0	2	1	0	0	0	0	0	0	0	0	0	0	0	0	0	1	0	0	1	0	0	3	0	0	0	0
Curtobacterium.344	2	0	0	0	0	0	0	1	0	0	0	0	0	0	0	0	0	0	0	0	0	0	0	0	0	0	7	0	0	1	0
Curtobacterium.345	20	36	3	22	15	27	88	29	7	4	6	15	85	217	59	8	4	4	23	13	18	26	102	30	10	13	70	9	28	6	16
Curtobacterium.346	1	0	0	0	0	0	0	0	0	0	1	0	0	0	0	0	0	0	0	0	0	0	0	0	0	0	0	0	0	0	0
Curtobacterium.347	58	48	5	3	0	21	80	58	2	1	0	5	126	384	90	0	2	12	2	1	5	0	59	15	1	1	143	8	3	0	5
Curtobacterium.348	40	35	9	2	0	18	41	51	4	0	0	2	95	267	91	2	3	4	0	0	8	0	60	14	1	0	72	5	4	0	6
Curtobacterium.349	29	33	5	0	2	13	47	30	1	0	1	7	102	235	64	1	2	6	2	0	2	1	60	8	1	2	69	6	4	1	8
Curtobacterium.35	0	3	0	0	0	1	0	0	0	0	0	0	0	1	0	0	0	0	0	0	0	0	0	0	0	3	1	1	0	0	0
Curtobacterium.350	40	160	2	6	0	11	30	156	1	0	1	2	56	157	59	2	3	8	0	2	4	2	84	4	0	3	141	3	1	0	2
Curtobacterium.351	8	17	1	0	0	3	18	23	1	0	0	1	22	76	25	0	0	0	0	0	1	1	15	0	0	1	35	2	0	0	1
Curtobacterium.352	65	78	1	2	1	16	19	98	0	0	0	0	38	106	28	1	2	3	5	0	2	0	28	4	0	1	127	3	2	2	2
Curtobacterium.353	0	0	0	0	0	0	0	0	0	0	0	0	0	0	0	0	0	0	0	0	0	0	0	0	0	0	0	0	0	0	0
Curtobacterium.354	8	16	0	0	0	5	10	20	0	0	0	0	27	63	24	0	1	1	1	0	1	2	20	2	0	0	41	0	0	1	2
Curtobacterium.355	58	78	0	2	0	14	18	99	1	0	1	0	40	107	43	0	0	4	4	1	5	0	15	1	1	1	127	5	2	1	3
Curtobacterium.356	17	15	0	0	0	4	23	21	2	0	1	0	35	110	23	1	0	5	2	1	1	0	17	6	0	0	58	2	1	0	6
Curtobacterium.357	0	0	0	0	0	0	0	0	0	0	0	0	0	0	0	0	0	0	0	0	0	0	0	0	0	0	0	0	0	0	0
Curtobacterium.358	13	17	1	4	0	6	19	29	3	2	0	2	55	151	42	0	0	3	0	1	1	0	33	6	3	1	42	0	3	0	1
Curtobacterium.359	0	0	0	0	0	0	0	1	0	0	0	0	0	0	0	0	0	0	0	0	0	0	0	0	0	0	0	0	0	0	0
Curtobacterium.36	5	2	24	5	0	16	4	7	2	2	12	5	53	24	3	1	0	0	0	0	4	2	105	5	5	1	11	1	21	0	3
Curtobacterium.360	16	13	0	1	2	4	6	21	0	0	1	1	25	64	33	0	2	3	0	1	0	1	15	3	0	1	38	1	0	0	1
Curtobacterium.361	0	0	0	0	0	0	0	0	0	0	0	0	0	0	0	0	0	0	0	0	0	0	0	0	0	0	0	0	0	0	0
Curtobacterium.362	0	0	0	0	0	0	0	0	0	0	0	0	0	0	0	0	0	0	0	0	0	0	0	0	0	0	0	0	0	0	0
Curtobacterium.363	20	17	0	1	0	3	14	20	2	0	0	1	24	87	16	1	0	5	0	0	2	2	15	4	0	1	55	3	2	0	6
Curtobacterium.364	0	0	0	0	0	0	0	0	0	0	0	0	0	0	0	0	0	0	0	0	0	0	0	0	0	0	1	0	0	0	0
Curtobacterium.365	14	14	2	0	0	5	11	20	0	0	1	0	21	82	23	0	1	2	0	0	1	0	19	4	0	2	43	0	1	0	5
Curtobacterium.366	9	10	1	1	0	2	11	10	0	1	2	1	11	39	18	0	0	2	0	0	0	0	6	3	0	2	21	0	0	0	0
Curtobacterium.367	7	8	0	0	0	2	8	22	0	0	0	0	7	34	11	0	0	2	0	0	2	0	7	6	0	1	41	1	0	0	1
Curtobacterium.368	24	34	0	3	0	9	15	30	0	0	2	0	39	118	27	2	2	2	1	0	4	0	23	8	1	0	60	4	2	0	5
Curtobacterium.369	24	29	4	0	0	20	39	36	3	0	0	2	70	180	38	2	2	5	2	2	5	1	43	3	0	5	96	6	1	1	1
Curtobacterium.37	30	116	0	4	0	52	30	43	0	0	1	1	52	137	34	0	1	1	2	1	5	0	23	6	0	2	67	8	1	2	1
Curtobacterium.370	39	60	12	7	2	29	68	42	2	1	11	5	128	276	60	4	5	6	7	3	3	5	101	9	2	7	104	7	10	2	9
Curtobacterium.371	46	44	2	5	1	25	46	53	1	0	0	1	85	235	55	1	0	8	4	1	3	2	39	4	1	4	120	6	1	0	3
Curtobacterium.372	36	29	1	1	0	18	30	39	1	0	0	1	79	168	59	3	0	7	0	2	4	1	47	6	3	4	117	2	4	0	6
Curtobacterium.373	33	36	6	1	1	12	39	41	1	0	1	3	101	248	69	1	1	8	3	0	8	4	61	10	0	7	85	7	7	0	1
Curtobacterium.374	39	52	6	2	6	14	42	43	1	0	1	1	94	280	87	2	0	5	2	2	7	1	46	16	1	0	113	10	3	1	1
Curtobacterium.375	70	60	4	0	2	23	57	42	0	0	1	2	109	362	108	1	2	7	3	0	15	1	40	11	1	0	114	5	5	0	5
Curtobacterium.376	6	10	103	14	0	6	5	7	3	0	4	4	107	53	19	2	2	1	4	1	2	3	175	7	0	4	25	2	11	1	3
Curtobacterium.377	19	22	4	1	0	5	21	23	2	0	1	3	100	178	46	4	2	4	1	2	3	3	42	6	1	23	90	3	5	0	9
Curtobacterium.378	5	4	106	23	2	5	11	5	2	1	3	2	100	44	6	1	0	3	0	2	2	2	169	3	1	0	18	1	11	0	9
Curtobacterium.379	11	24	1	0	0	6	12	30	1	0	1	0	40	81	36	0	0	2	1	0	2	1	14	6	0	0	60	0	0	0	9
Curtobacterium.38	7	15	9	4	1	46	23	20	5	0	0	2	65	116	56	1	0	4	3	2	4	2	64	12	1	1	25	43	5	2	1
Curtobacterium.380	32	23	0	1	0	10	37	23	1	0	0	1	44	149	48	2	1	5	0	0	3	0	28	6	1	4	75	5	5	0	4
Curtobacterium.381	55	59	3	1	0	16	27	64	2	0	2	0	54	127	35	1	2	4	1	0	1	0	25	5	0	1	121	1	2	0	3
Curtobacterium.382	6	5	0	0	1	2	6	8	4	2	0	4	385	45	13	1	1	2	4	1	5	2	78	2	2	6	18	2	3	0	1
Curtobacterium.383	12	18	1	0	1	7	28	9	2	0	1	22	4288	128	16	1	0	11	4	2	5	11	47	3	1	39	12	5	12	0	6
Curtobacterium.384	0	0	0	0	0	0	0	0	0	0	0	0	0	0	0	0	0	0	0	1	0	0	0	0	0	0	0	0	0	0	0
Curtobacterium.385	6	6	14	1	0	1	11	4	1	0	0	24	215	28	14	0	0	4	1	0	0	3	107	3	0	1	14	0	5	0	1
Curtobacterium.386	25	32	1	5	1	51	31	99	4	1	1	0	45	120	28	2	3	0	0	1	3	2	46	7	2	4	42	9	1	1	2
Curtobacterium.387	2	1	13	3	0	3	5	1	0	0	2	10	49	14	10	0	0	1	0	1	0	3	32	1	1	0	6	0	6	0	0
Curtobacterium.388	17	11	11	3	1	5	25	7	2	0	0	32	408	85	16	1	1	3	0	0	2	9	160	8	0	0	10	1	5	0	0
Curtobacterium.389	16	10	2	3	0	6	22	6	9	0	0	26	4354	122	29	2	0	6	7	8	0	10	44	3	1	25	23	1	8	1	0
Curtobacterium.39	8	10	2	0	2	6	28	20	3	1	1	4	485	104	41	1	0	5	8	2	7	8	145	1	5	5	22	3	7	1	0
Curtobacterium.390	24	13	4	4	0	7	31	17	1	0	0	15	851	180	48	2	0	7	2	3	4	6	26	9	1	3	53	4	1	0	0
Curtobacterium.391	4	11	2	1	4	4	16	18	2	0	1	3	527	70	28	6	3	2	2	1	8	3	92	4	1	4	20	3	9	0	1
Curtobacterium.392	9	11	8	1	0	6	21	11	1	0	0	7	409	94	27	0	0	4	2	0	4	6	10	1	0	1	33	2	3	0	0
Curtobacterium.393	5	2	15	3	1	4	6	8	0	0	3	38	273	38	8	5	2	3	1	0	2	5	121	9	0	2	13	1	4	0	1
Curtobacterium.394	7	8	0	0	1	1	12	5	1	0	0	6	342	50	18	3	0	0	5	1	2	2	65	4	0	2	12	4	2	0	1
Curtobacterium.395	19	40	364	56	13	33	64	20	6	5	18	14	402	205	61	9	7	15	10	7	7	16	758	23	12	6	65	5	49	3	37
Curtobacterium.396	0	0	0	0	0	0	0	0	0	0	0	0	1	3	0	0	0	0	0	0	0	0	3	0	0	0	0	0	1	0	1
Curtobacterium.397	39	69	23	14	1	22	49	63	25	0	9	7	112	275	80	3	2	19	5	1	10	4	129	16	4	1	101	6	37	0	10
Curtobacterium.4	100	92	10	5	0	28	124	84	1	0	4	0	151	541	149	3	0	21	7	2	11	5	80	23	1	9	196	96	9	0	12
Curtobacterium.40	116	120	82	40	7	126	463	130	27	9	22	37	2314	522	138	13	8	22	16	19	48	40	872	47	12	32	294	79	88	8	31
Curtobacterium.41	1	0	0	0	0	0	2	0	0	0	0	0	8	4	0	0	0	0	0	0	0	0	0	0	0	0	1	0	0	0	0
Curtobacterium.42	6	4	3	1	1	8	19	15	1	0	0	2	398	93	24	1	0	3	3	6	3	2	151	3	4	4	15	3	4	1	2
Curtobacterium.43	7	8	2	2	0	12	9	8	3	0	0	0	33	50	13	0	0	0	0	0	1	0	29	1	0	0	12	20	4	1	0
Curtobacterium.44	15	21	5	4	1	42	67	21	29	2	4	5	53	159	62	4	2	9	2	2	18	3	1946	30	2	9	63	43	7	1	21
Curtobacterium.45	8	11	6	1	1	30	40	7	1	1	2	0	85	81	24	1	0	1	1	1	6	1	61	5	2	1	31	36	1	0	0
Curtobacterium.46	12	5	1	2	3	4	7	7	3	2	3	7	293	70	22	1	0	3	5	1	4	2	121	5	3	8	17	10	6	0	1
Curtobacterium.47	0	0	0	0	0	0	1	0	0	0	0	0	3	1	1	0	0	0	0	0	0	0	0	0	0	0	0	0	0	0	0
Curtobacterium.48	35	29	4	3	0	9	55	40	2	0	2	3	137	238	61	3	3	9	1	6	8	3	48	12	6	45	85	8	3	2	6
Curtobacterium.49	30	32	6	2	0	8	35	43	1	0	1	2	88	182	55	1	1	3	1	1	0	0	38	8	3	9	57	1	3	0	2
Curtobacterium.5	187	167	6	7	3	143	58	94	2	1	3	4	119	392	126	4	3	14	2	10	10	5	413	28	3	9	134	30	5	5	6
Curtobacterium.50	7	6	92	9	1	4	7	12	1	1	3	6	208	49	21	4	1	4	3	3	2	3	347	5	0	4	18	2	8	0	7
Curtobacterium.51	0	0	0	0	0	1	0	0	0	0	0	0	0	0	0	0	0	0	0	0	0	0	0	0	0	0	0	0	0	0	0
Curtobacterium.52	17	12	5	7	1	18	134	18	2	1	3	4	43	98	27	4	1	4	1	4	8	4	152	7	3	5	32	20	19	1	9
Curtobacterium.53	7	7	1	4	1	14	16	4	0	0	0	0	28	38	12	1	0	1	0	0	2	2	30	0	0	2	13	29	3	1	2
Curtobacterium.54	3	12	0	1	2	4	16	6	3	1	1	3	300	48	15	2	0	3	5	2	3	0	123	2	1	5	17	3	5	0	1
Curtobacterium.55	2	1	1	1	0	23	7	10	0	0	0	0	23	44	15	0	0	1	0	1	1	1	26	7	1	0	9	13	1	0	1
Curtobacterium.56	9	14	1	0	3	13	128	15	7	0	1	2	22	138	39	0	1	2	5	5	6	6	93	5	4	4	30	25	4	0	6
Curtobacterium.57	0	0	0	0	0	0	0	0	0	0	0	0	0	0	0	0	0	0	0	0	0	0	0	0	0	0	0	0	0	0	0
Curtobacterium.58	1	3	37	12	2	15	25	6	3	0	9	12	83	22	3	0	1	2	3	1	1	3	119	13	0	0	30	1	31	0	1
Curtobacterium.59	12	6	0	1	1	3	19	10	2	1	4	4	409	75	22	3	0	2	6	3	9	3	119	12	1	2	23	3	4	0	1
Curtobacterium.6	55	67	8	6	1	21	95	67	6	1	5	0	186	461	136	0	0	14	7	5	8	3	90	10	2	4	115	37	33	0	6
Curtobacterium.60	4	3	1	0	0	3	6	0	0	0	0	0	4	16	4	2	0	0	0	0	0	0	5	1	0	1	1	0	0	0	0
Curtobacterium.61	5	6	0	1	1	1	12	5	2	1	1	4	286	43	12	1	1	1	2	0	4	2	109	0	3	1	25	2	7	0	0
Curtobacterium.62	3	3	13	4	0	12	5	4	2	1	7	5	63	24	14	0	0	3	3	1	3	1	123	5	3	1	17	2	24	1	2
Curtobacterium.63	6	10	26	8	1	7	11	5	3	0	9	9	67	13	8	4	0	1	1	2	2	2	120	3	0	1	25	2	30	1	1
Curtobacterium.64	7	7	0	0	0	4	22	16	7	1	3	4	308	51	10	5	0	1	5	2	3	3	137	2	0	5	14	3	11	1	4
Curtobacterium.65	5	11	1	1	2	1	10	7	2	0	2	1	247	48	20	0	1	4	5	1	3	2	102	5	3	4	6	5	5	2	1
Curtobacterium.66	4	5	23	11	1	16	11	9	1	0	8	7	77	24	10	1	1	1	1	3	2	3	129	7	0	2	17	1	21	0	1
Curtobacterium.67	1	2	16	5	0	6	2	2	0	0	1	6	16	6	0	0	0	0	1	2	2	6	32	2	0	0	10	1	5	0	2
Curtobacterium.68	1	1	12	5	1	6	6	4	0	0	3	5	39	14	5	1	0	1	3	2	1	2	48	2	1	1	8	1	12	0	1
Curtobacterium.69	4	7	61	13	6	6	19	6	5	4	0	6	95	43	8	3	0	10	6	4	1	3	304	13	0	4	20	2	19	0	8
Curtobacterium.7	40	53	12	34	7	21	97	40	0	6	7	7	166	350	84	6	0	21	10	3	10	2	70	22	4	4	80	9	8	1	4
Curtobacterium.70	9	11	77	19	3	14	10	7	0	1	0	1	82	43	17	4	2	3	2	6	1	4	200	15	0	2	18	1	17	1	9
Curtobacterium.71	4	3	16	5	1	11	7	4	0	0	3	5	40	20	11	2	1	3	0	0	1	0	71	5	1	3	26	2	7	0	0
Curtobacterium.72	1	3	14	5	2	9	7	5	2	0	1	4	41	16	5	1	1	2	1	0	1	5	74	5	1	1	12	1	13	1	1
Curtobacterium.73	12	8	0	2	0	4	9	6	2	1	1	0	341	42	8	0	0	1	2	0	3	2	134	5	3	4	13	4	8	0	2
Curtobacterium.74	0	0	0	0	0	1	4	0	0	0	0	0	41	3	0	1	0	0	0	0	0	0	7	0	0	0	0	0	0	0	0
Curtobacterium.75	0	0	0	0	0	0	0	0	0	0	0	0	0	0	0	0	0	0	0	0	0	0	1	0	0	0	0	0	0	0	0
Curtobacterium.76	16	12	1	6	0	8	97	22	3	1	0	3	46	84	14	1	2	4	3	3	3	2	98	4	2	2	17	10	9	1	10
Curtobacterium.77	1	4	20	15	3	12	6	6	1	0	2	3	40	31	16	4	1	1	1	0	1	5	64	7	0	3	24	3	35	1	0
Curtobacterium.78	33	44	49	2	10	338	93	41	25	1	17	5	92	258	77	5	0	8	3	3	62	18	294	11	8	10	101	36	16	0	9
Curtobacterium.79	1	1	0	0	0	1	3	0	0	0	0	0	0	3	0	0	0	0	0	0	0	0	3	0	0	0	0	1	0	0	1
Curtobacterium.8	33	33	5	5	3	21	179	45	4	1	3	1	75	281	88	6	3	9	3	1	10	11	201	15	3	5	64	12	12	0	33
Curtobacterium.80	1	7	1	0	1	8	77	2	2	0	1	5	14	49	11	2	1	1	1	1	3	0	47	1	0	1	24	6	3	1	4
Curtobacterium.81	6	7	8	1	0	17	9	10	0	0	0	1	31	52	13	2	0	1	1	0	4	0	27	5	0	1	15	21	2	0	2
Curtobacterium.82	9	9	1	0	0	5	22	15	8	0	0	5	408	60	19	3	0	4	6	3	7	4	138	2	6	6	29	8	5	0	1
Curtobacterium.83	20	20	3	4	1	8	47	28	8	0	4	0	49	171	38	2	0	4	3	2	2	6	162	7	8	1	47	8	2	1	12
Curtobacterium.84	9	11	0	3	0	3	82	12	2	0	0	1	17	77	19	1	2	6	4	4	1	5	74	6	3	5	27	11	4	1	5
Curtobacterium.85	37	51	19	7	1	15	61	62	5	2	5	3	186	313	76	6	0	17	3	0	11	8	114	11	6	5	85	6	8	1	2
Curtobacterium.86	0	0	0	0	0	0	0	0	0	0	0	0	2	0	0	0	0	0	0	0	0	1	2	0	0	0	0	0	0	0	0
Curtobacterium.87	4	7	3	3	0	7	64	7	4	0	0	1	27	71	13	2	0	0	1	1	6	1	49	3	0	1	18	8	3	0	3
Curtobacterium.88	0	0	0	0	0	0	0	0	0	0	0	0	0	0	0	0	0	0	0	0	0	0	2	0	0	0	0	0	0	0	1
Curtobacterium.89	6	4	27	10	1	10	9	6	0	0	6	5	59	20	2	2	1	1	2	3	2	2	122	4	0	2	14	4	21	1	2
Curtobacterium.9	9	15	2	3	0	4	61	5	0	3	0	0	23	77	18	0	1	3	4	4	5	4	76	5	2	3	21	9	9	1	15
Curtobacterium.90	6	3	7	6	2	39	28	18	3	0	1	0	60	71	16	2	1	4	1	0	2	2	70	8	0	2	24	37	2	0	2
Curtobacterium.91	20	17	11	22	5	5	33	30	0	0	0	3	60	110	36	3	3	13	3	1	4	2	27	4	2	1	50	3	3	0	0
Curtobacterium.92	1	0	0	0	0	0	1	0	0	0	0	0	0	0	0	0	0	1	0	0	0	0	0	0	0	0	1	0	0	0	0
Curtobacterium.93	7	10	2	2	2	2	15	8	2	0	0	3	326	53	9	2	0	6	6	1	8	2	151	3	1	2	15	4	2	1	1
Curtobacterium.94	18	12	59	12	4	11	14	5	1	2	3	7	115	54	17	2	2	6	13	3	6	21	447	10	0	4	26	2	14	0	8
Curtobacterium.95	0	0	0	0	0	0	0	0	0	0	0	0	0	0	0	0	0	0	0	0	0	0	2	0	0	0	0	0	0	0	0
Curtobacterium.96	10	2	27	11	3	13	10	4	1	0	7	9	52	24	7	2	0	2	3	0	0	4	165	14	1	2	16	1	24	0	1
Curtobacterium.97	4	13	243	11	2	7	11	9	1	0	1	4	350	80	31	1	0	5	4	2	1	0	194	5	0	2	21	3	7	0	9
Curtobacterium.98	3	3	11	1	0	8	6	2	0	0	5	3	33	18	9	2	1	1	2	1	1	2	55	1	1	1	8	0	13	0	0
Curtobacterium.99	2	0	12	6	1	9	11	2	1	2	3	3	31	28	3	1	0	4	1	0	0	2	63	7	0	3	10	3	21	1	0
Frigoribacterium.1	327	377	231	152	18	221	685	570	90	13	80	31	622	2035	459	21	16	74	38	32	90	26	1319	168	34	41	545	37	31	14	49
Frigoribacterium.2	212	171	184	70	15	100	307	275	45	13	39	19	234	754	159	19	10	52	28	16	40	12	332	94	34	22	256	21	28	16	36
Frigoribacterium.3	210	237	127	62	13	137	458	404	64	6	34	41	345	1079	295	13	20	52	46	41	55	20	587	109	83	38	382	30	39	19	64
Frigoribacterium.4	284	321	143	98	5	178	466	494	64	5	76	26	502	1536	414	17	6	84	25	25	57	23	755	146	30	26	425	27	27	15	24
Frigoribacterium.5	188	223	413	989	19	175	517	319	191	8	117	39	372	1213	276	18	10	53	23	35	53	19	1114	98	31	30	334	29	34	18	33
Frigoribacterium.6	386	461	783	1307	17	366	953	655	490	16	190	48	862	2529	601	41	20	95	66	87	113	32	2687	253	62	62	633	56	89	24	61
Frigoribacterium.7	290	279	228	71	22	150	432	421	73	7	67	31	437	1376	379	12	4	48	40	27	58	17	583	118	42	37	418	27	27	18	35
Frondihabitans.1	277	354	30	17	5	244	319	842	10	0	8	8	125	384	133	4	2	74	82	29	2255	6	195	29	8	11	774	29	7	5	16
Frondihabitans.2	0	0	0	0	0	1	0	1	0	0	0	0	0	0	0	0	0	0	1	0	9	0	2	0	0	0	0	0	0	0	0
Frondihabitans.3	940	969	56	26	14	715	640	2112	20	2	15	5	278	923	232	9	1	159	186	73	277	20	322	48	10	12	4763	49	36	6	42
Frondihabitans.4	387	492	41	21	12	353	496	1258	17	3	15	15	369	1085	263	8	4	78	71	33	113	10	328	44	12	26	1359	33	14	3	36
Frondihabitans.5	564	762	52	35	14	435	808	1713	15	5	25	12	289	936	202	15	7	258	208	39	182	22	403	44	11	13	2287	51	25	14	61
Herbiconiux.1	373	382	25	19	6	141	493	335	24	4	5	28	5357	3034	844	24	8	101	21	14	61	35	607	95	12	29	484	49	46	2	21
Herbiconiux.2	530	960	91	125	224	498	1104	553	57	11	199	113	729	2098	690	143	24	110	58	94	111	71	3939	211	69	240	664	90	615	55	39
Herbiconiux.3	538	743	51	40	32	183	744	411	18	2	24	28	836	2183	659	27	12	72	13	23	83	24	1715	126	31	51	354	39	60	17	25
Leifsonia.1	425	576	25	12	5	116	375	354	8	0	4	8	504	1745	487	10	9	57	18	13	28	15	396	83	8	24	228	43	11	0	8
Leifsonia.2	179	280	5	9	3	55	146	130	4	1	1	5	173	625	207	7	8	38	11	16	19	5	133	104	5	8	79	72	9	5	7
Leifsonia.3	364	514	17	20	14	108	453	290	4	1	6	15	525	1626	518	9	4	69	13	10	43	8	372	74	10	12	296	14	7	9	14
Leucobacter.1	115	108	17	7	0	43	91	87	1	0	3	5	311	1079	323	8	3	22	11	1	13	1	146	41	1	7	97	11	5	3	5
Leucobacter.2	166	158	17	15	1	51	140	118	11	1	10	5	520	1982	551	12	4	35	6	9	13	4	268	66	8	21	209	17	8	2	7
Leucobacter.3	108	99	7	2	3	31	99	96	1	3	5	1	271	1061	349	11	4	23	6	6	17	5	107	27	5	11	103	5	3	4	2
Microbacterium.1	244	299	53	32	35	95	205	129	15	2	6	11	458	1266	361	16	12	34	32	31	76	23	1099	234	51	89	131	15	21	10	24
Microbacterium.2	85	108	30	6	12	37	73	50	2	1	4	4	120	407	88	2	4	14	1	13	24	3	288	77	8	32	57	7	8	1	16
Microbacterium.3	203	254	27	43	29	62	161	151	10	1	6	14	367	958	303	30	7	55	16	37	46	22	2856	455	34	143	153	22	30	16	8
Microbacterium.4	148	191	18	23	14	47	127	82	16	5	8	14	290	790	224	13	6	24	9	11	40	10	850	142	25	391	79	8	13	6	13
Microbacterium.5	148	200	20	11	9	44	122	109	4	2	5	8	269	813	217	10	4	23	14	12	30	7	739	148	15	46	76	7	11	5	6
Microbacterium.6	134	214	20	9	6	30	126	110	7	1	2	3	349	1063	291	10	2	22	11	3	27	3	308	65	4	19	92	8	6	0	8
Microbacterium.7	265	349	40	17	8	96	271	211	8	2	9	9	1004	2496	709	19	9	60	19	18	53	13	579	145	22	44	231	12	13	4	15
Mycobacterium.1	1044	924	76	32	20	157	543	475	13	6	13	28	1229	3108	1162	56	30	121	19	28	90	21	466	273	24	69	503	51	29	7	19
Mycobacterium.2	384	307	35	10	3	47	260	172	8	0	7	19	647	1684	578	32	16	55	11	8	29	12	140	87	16	27	260	24	10	3	6
Plantibacter.1	332	444	461	36	40	235	747	303	28	3	23	12	576	1768	512	21	7	47	25	27	34	20	1987	98	10	26	230	26	29	15	18
Plantibacter.2	182	261	77	108	19	283	244	177	24	2	17	8	281	1137	289	11	3	27	24	13	26	11	2444	71	13	13	154	22	34	8	16
Pseudoclavibacter.1	90	97	14	10	2	29	107	83	5	2	6	3	169	973	255	5	2	18	2	1	15	1	191	26	5	8	87	4	3	2	8
Pseudoclavibacter.2	10	10	7	0	0	2	17	8	0	0	1	0	26	79	20	0	0	1	1	0	1	1	7	4	0	3	10	1	0	0	0
Pseudoclavibacter.3	70	63	12	15	3	29	97	74	6	1	3	16	218	751	218	16	7	19	5	19	10	4	1039	97	3	15	56	10	11	1	5
Pseudoclavibacter.4	77	56	6	1	1	14	83	39	3	0	4	3	290	1093	306	12	2	22	2	3	7	1	69	22	3	15	85	9	9	1	1
Pseudoclavibacter.5	2	7	0	0	0	2	3	0	0	0	0	0	6	25	8	0	0	2	2	1	3	0	12	3	1	1	3	0	0	0	0
Pseudomonas.1	404	257	377	147	5	865	829	888	20	22	283	4	24	196	163	63	10	58	10	405	12	18	455	1311	12	85	177	13	18	6	1205
Pseudomonas.2	0	0	0	0	0	0	0	0	0	0	0	0	0	0	0	0	0	0	0	0	0	0	0	0	0	0	0	0	0	0	0
Pseudomonas.3	431	455	45	67	14	171	1501	1495	33	24	200	16	31	329	171	28	27	44	12	349	28	62	649	1928	11	31	382	32	30	8	419
Pseudomonas.4	199	334	32	58	66	171	591	878	23	13	7	18	58	218	128	18	10	49	8	318	60	33	479	1507	25	41	273	18	21	21	340
Pseudomonas.5	179	454	93	32	4	117	422	1458	64	38	21	7	48	269	147	11	15	48	23	162	25	24	1584	3362	19	21	318	16	26	2	1147
Pseudomonas.6	530	1034	199	122	103	1906	1633	1567	268	247	228	41	89	332	195	72	23	97	28	878	50	353	7764	3393	68	127	504	371	88	23	1186
Pseudomonas.7	168	416	37	38	22	135	569	1015	20	16	17	17	35	166	87	19	8	42	5	295	40	21	446	1368	33	35	231	16	23	8	287
Pseudomonas.8	247	468	123	109	14	252	755	794	65	35	35	19	50	222	338	11	14	136	14	945	38	109	724	885	26	40	408	37	36	17	3528
Rathayibacter.1	475	505	312	389	15	219	882	492	293	6	107	45	1327	3583	1016	42	24	111	46	48	103	31	3396	139	54	72	537	50	70	24	29
Rathayibacter.2	268	285	277	38	4	135	397	334	376	3	64	22	857	2136	618	19	10	67	20	26	40	9	1997	65	15	23	333	37	31	10	32
Rathayibacter.3	192	203	202	16	0	76	228	183	187	4	34	8	520	1429	436	18	5	48	9	7	30	14	1079	45	5	21	206	26	22	7	30
Rathayibacter.4	108	152	24	27	3	38	136	116	26	0	3	8	268	817	217	9	4	28	5	10	12	7	1219	25	4	13	99	15	16	2	4
Rathayibacter.5	55	48	9	2	1	22	77	45	5	0	0	3	107	324	92	2	2	16	1	0	4	2	193	19	2	6	55	8	1	2	0
Rathayibacter.6	441	452	188	72	15	259	739	422	137	4	162	23	1147	2961	874	35	15	87	22	38	92	21	2064	99	28	50	483	38	36	11	33
Sphingomonas.1	2023	1910	150	85	48	649	2592	1886	75	10	177	58	2522	1500	572	41	17	354	193	124	342	66	1552	224	63	139	2617	142	167	31	312
Sphingomonas.2	1520	1893	2123	478	104	1479	8353	2521	644	84	2341	144	1320	1089	788	91	70	626	226	223	445	109	2934	359	126	160	2367	287	437	130	1033
Sphingomonas.3	1659	1704	314	167	59	1230	7814	2247	327	26	330	130	1882	1349	575	68	38	339	226	219	380	88	2191	174	65	125	3274	192	274	51	593
Sphingomonas.4	643	656	113	44	17	352	1436	899	100	7	88	28	1079	911	353	15	8	182	125	77	151	34	580	52	17	50	1215	69	77	21	196
Sphingomonas.5	675	616	243	53	26	362	1682	851	73	7	144	26	384	475	212	22	15	117	56	44	127	35	555	40	21	42	805	50	63	9	180
Sphingomonas.6	2079	2046	95	76	31	697	2213	2798	65	11	67	44	1008	1626	526	26	9	474	255	205	423	52	692	105	27	89	4405	214	107	34	275
